norma_errore_u = 0.10963115096092224
norma_errore_y = 0.0062157269567251205
norma_errore_z = 0.10963115096092224
