norma_errore_u = 0.5660111308097839
norma_errore_y = 1.9098800420761108
norma_errore_z = 0.5838128924369812
