norma_errore_u = 0.007673446089029312
norma_errore_y = 0.02319899946451187
norma_errore_z = 0.007673446089029312
