norma_errore_u = 0.026235898956656456
norma_errore_y = 0.03321431949734688
norma_errore_z = 0.026235898956656456
