norma_errore_u = 10283.708984375
norma_errore_y = 197.40362548828125
norma_errore_z = 1.028370976448059
