norma_errore_u = 0.028319664299488068
norma_errore_y = 0.008683957159519196
norma_errore_z = 0.028319664299488068
