norma_errore_u = 0.02552531287074089
norma_errore_y = 0.005389468744397163
norma_errore_z = 0.02552531287074089
